X轴间隔：1个单位 Y轴间隔：1个单位 直线条数为：15 
 
面积总和为：42.500 最小面积为：0.062 
 
以下是120个图形的面积 
 
0.06250000 
0.12500000 0.06250000 
0.18750000 0.12500000 0.06250000 
0.25000000 0.18750000 0.12500000 0.06250000 
0.31250000 0.25000000 0.18750000 0.12500000 0.06250000 
0.37500000 0.31250000 0.25000000 0.18750000 0.12500000 0.06250000 
0.43750000 0.37500000 0.31250000 0.25000000 0.18750000 0.12500000 0.06250000 
0.50000000 0.43750000 0.37500000 0.31250000 0.25000000 0.18750000 0.12500000 0.06250000 
0.56250000 0.50000000 0.43750000 0.37500000 0.31250000 0.25000000 0.18750000 0.12500000 0.06250000 
0.62500000 0.56250000 0.50000000 0.43750000 0.37500000 0.31250000 0.25000000 0.18750000 0.12500000 0.06250000 
0.68750000 0.62500000 0.56250000 0.50000000 0.43750000 0.37500000 0.31250000 0.25000000 0.18750000 0.12500000 0.06250000 
0.75000000 0.68750000 0.62500000 0.56250000 0.50000000 0.43750000 0.37500000 0.31250000 0.25000000 0.18750000 0.12500000 0.06250000 
0.81250000 0.75000000 0.68750000 0.62500000 0.56250000 0.50000000 0.43750000 0.37500000 0.31250000 0.25000000 0.18750000 0.12500000 0.06250000 
0.87500000 0.81250000 0.75000000 0.68750000 0.62500000 0.56250000 0.50000000 0.43750000 0.37500000 0.31250000 0.25000000 0.18750000 0.12500000 0.06250000 
0.93750000 0.87500000 0.81250000 0.75000000 0.68750000 0.62500000 0.56250000 0.50000000 0.43750000 0.37500000 0.31250000 0.25000000 0.18750000 0.12500000 0.06250000 

下面是各个图形的面积与最小图形的面积的比值

1.00 
2.00 1.00 
3.00 2.00 1.00 
4.00 3.00 2.00 1.00 
5.00 4.00 3.00 2.00 1.00 
6.00 5.00 4.00 3.00 2.00 1.00 
7.00 6.00 5.00 4.00 3.00 2.00 1.00 
8.00 7.00 6.00 5.00 4.00 3.00 2.00 1.00 
9.00 8.00 7.00 6.00 5.00 4.00 3.00 2.00 1.00 
10.00 9.00 8.00 7.00 6.00 5.00 4.00 3.00 2.00 1.00 
11.00 10.00 9.00 8.00 7.00 6.00 5.00 4.00 3.00 2.00 1.00 
12.00 11.00 10.00 9.00 8.00 7.00 6.00 5.00 4.00 3.00 2.00 1.00 
13.00 12.00 11.00 10.00 9.00 8.00 7.00 6.00 5.00 4.00 3.00 2.00 1.00 
14.00 13.00 12.00 11.00 10.00 9.00 8.00 7.00 6.00 5.00 4.00 3.00 2.00 1.00 
15.00 14.00 13.00 12.00 11.00 10.00 9.00 8.00 7.00 6.00 5.00 4.00 3.00 2.00 1.00 
