X轴间隔：3个单位 Y轴间隔：4个单位 直线条数为：50 
 
面积总和为：5200.000 最小面积为：0.235 
 
以下是1275个图形的面积 
 
0.23529412 
0.47058824 0.23529412 
0.70588235 0.47058824 0.23529412 
0.94117647 0.70588235 0.47058824 0.23529412 
1.17647059 0.94117647 0.70588235 0.47058824 0.23529412 
1.41176471 1.17647059 0.94117647 0.70588235 0.47058824 0.23529412 
1.64705882 1.41176471 1.17647059 0.94117647 0.70588235 0.47058824 0.23529412 
1.88235294 1.64705882 1.41176471 1.17647059 0.94117647 0.70588235 0.47058824 0.23529412 
2.11764706 1.88235294 1.64705882 1.41176471 1.17647059 0.94117647 0.70588235 0.47058824 0.23529412 
2.35294118 2.11764706 1.88235294 1.64705882 1.41176471 1.17647059 0.94117647 0.70588235 0.47058824 0.23529412 
2.58823529 2.35294118 2.11764706 1.88235294 1.64705882 1.41176471 1.17647059 0.94117647 0.70588235 0.47058824 0.23529412 
2.82352941 2.58823529 2.35294118 2.11764706 1.88235294 1.64705882 1.41176471 1.17647059 0.94117647 0.70588235 0.47058824 0.23529412 
3.05882353 2.82352941 2.58823529 2.35294118 2.11764706 1.88235294 1.64705882 1.41176471 1.17647059 0.94117647 0.70588235 0.47058824 0.23529412 
3.29411765 3.05882353 2.82352941 2.58823529 2.35294118 2.11764706 1.88235294 1.64705882 1.41176471 1.17647059 0.94117647 0.70588235 0.47058824 0.23529412 
3.52941176 3.29411765 3.05882353 2.82352941 2.58823529 2.35294118 2.11764706 1.88235294 1.64705882 1.41176471 1.17647059 0.94117647 0.70588235 0.47058824 0.23529412 
3.76470588 3.52941176 3.29411765 3.05882353 2.82352941 2.58823529 2.35294118 2.11764706 1.88235294 1.64705882 1.41176471 1.17647059 0.94117647 0.70588235 0.47058824 0.23529412 
4.00000000 3.76470588 3.52941176 3.29411765 3.05882353 2.82352941 2.58823529 2.35294118 2.11764706 1.88235294 1.64705882 1.41176471 1.17647059 0.94117647 0.70588235 0.47058824 0.23529412 
4.23529412 4.00000000 3.76470588 3.52941176 3.29411765 3.05882353 2.82352941 2.58823529 2.35294118 2.11764706 1.88235294 1.64705882 1.41176471 1.17647059 0.94117647 0.70588235 0.47058824 0.23529412 
4.47058824 4.23529412 4.00000000 3.76470588 3.52941176 3.29411765 3.05882353 2.82352941 2.58823529 2.35294118 2.11764706 1.88235294 1.64705882 1.41176471 1.17647059 0.94117647 0.70588235 0.47058824 0.23529412 
4.70588235 4.47058824 4.23529412 4.00000000 3.76470588 3.52941176 3.29411765 3.05882353 2.82352941 2.58823529 2.35294118 2.11764706 1.88235294 1.64705882 1.41176471 1.17647059 0.94117647 0.70588235 0.47058824 0.23529412 
4.94117647 4.70588235 4.47058824 4.23529412 4.00000000 3.76470588 3.52941176 3.29411765 3.05882353 2.82352941 2.58823529 2.35294118 2.11764706 1.88235294 1.64705882 1.41176471 1.17647059 0.94117647 0.70588235 0.47058824 0.23529412 
5.17647059 4.94117647 4.70588235 4.47058824 4.23529412 4.00000000 3.76470588 3.52941176 3.29411765 3.05882353 2.82352941 2.58823529 2.35294118 2.11764706 1.88235294 1.64705882 1.41176471 1.17647059 0.94117647 0.70588235 0.47058824 0.23529412 
5.41176471 5.17647059 4.94117647 4.70588235 4.47058824 4.23529412 4.00000000 3.76470588 3.52941176 3.29411765 3.05882353 2.82352941 2.58823529 2.35294118 2.11764706 1.88235294 1.64705882 1.41176471 1.17647059 0.94117647 0.70588235 0.47058824 0.23529412 
5.64705882 5.41176471 5.17647059 4.94117647 4.70588235 4.47058824 4.23529412 4.00000000 3.76470588 3.52941176 3.29411765 3.05882353 2.82352941 2.58823529 2.35294118 2.11764706 1.88235294 1.64705882 1.41176471 1.17647059 0.94117647 0.70588235 0.47058824 0.23529412 
5.88235294 5.64705882 5.41176471 5.17647059 4.94117647 4.70588235 4.47058824 4.23529412 4.00000000 3.76470588 3.52941176 3.29411765 3.05882353 2.82352941 2.58823529 2.35294118 2.11764706 1.88235294 1.64705882 1.41176471 1.17647059 0.94117647 0.70588235 0.47058824 0.23529412 
6.11764706 5.88235294 5.64705882 5.41176471 5.17647059 4.94117647 4.70588235 4.47058824 4.23529412 4.00000000 3.76470588 3.52941176 3.29411765 3.05882353 2.82352941 2.58823529 2.35294118 2.11764706 1.88235294 1.64705882 1.41176471 1.17647059 0.94117647 0.70588235 0.47058824 0.23529412 
6.35294118 6.11764706 5.88235294 5.64705882 5.41176471 5.17647059 4.94117647 4.70588235 4.47058824 4.23529412 4.00000000 3.76470588 3.52941176 3.29411765 3.05882353 2.82352941 2.58823529 2.35294118 2.11764706 1.88235294 1.64705882 1.41176471 1.17647059 0.94117647 0.70588235 0.47058824 0.23529412 
6.58823529 6.35294118 6.11764706 5.88235294 5.64705882 5.41176471 5.17647059 4.94117647 4.70588235 4.47058824 4.23529412 4.00000000 3.76470588 3.52941176 3.29411765 3.05882353 2.82352941 2.58823529 2.35294118 2.11764706 1.88235294 1.64705882 1.41176471 1.17647059 0.94117647 0.70588235 0.47058824 0.23529412 
6.82352941 6.58823529 6.35294118 6.11764706 5.88235294 5.64705882 5.41176471 5.17647059 4.94117647 4.70588235 4.47058824 4.23529412 4.00000000 3.76470588 3.52941176 3.29411765 3.05882353 2.82352941 2.58823529 2.35294118 2.11764706 1.88235294 1.64705882 1.41176471 1.17647059 0.94117647 0.70588235 0.47058824 0.23529412 
7.05882353 6.82352941 6.58823529 6.35294118 6.11764706 5.88235294 5.64705882 5.41176471 5.17647059 4.94117647 4.70588235 4.47058824 4.23529412 4.00000000 3.76470588 3.52941176 3.29411765 3.05882353 2.82352941 2.58823529 2.35294118 2.11764706 1.88235294 1.64705882 1.41176471 1.17647059 0.94117647 0.70588235 0.47058824 0.23529412 
7.29411765 7.05882353 6.82352941 6.58823529 6.35294118 6.11764706 5.88235294 5.64705882 5.41176471 5.17647059 4.94117647 4.70588235 4.47058824 4.23529412 4.00000000 3.76470588 3.52941176 3.29411765 3.05882353 2.82352941 2.58823529 2.35294118 2.11764706 1.88235294 1.64705882 1.41176471 1.17647059 0.94117647 0.70588235 0.47058824 0.23529412 
7.52941176 7.29411765 7.05882353 6.82352941 6.58823529 6.35294118 6.11764706 5.88235294 5.64705882 5.41176471 5.17647059 4.94117647 4.70588235 4.47058824 4.23529412 4.00000000 3.76470588 3.52941176 3.29411765 3.05882353 2.82352941 2.58823529 2.35294118 2.11764706 1.88235294 1.64705882 1.41176471 1.17647059 0.94117647 0.70588235 0.47058824 0.23529412 
7.76470588 7.52941176 7.29411765 7.05882353 6.82352941 6.58823529 6.35294118 6.11764706 5.88235294 5.64705882 5.41176471 5.17647059 4.94117647 4.70588235 4.47058824 4.23529412 4.00000000 3.76470588 3.52941176 3.29411765 3.05882353 2.82352941 2.58823529 2.35294118 2.11764706 1.88235294 1.64705882 1.41176471 1.17647059 0.94117647 0.70588235 0.47058824 0.23529412 
8.00000000 7.76470588 7.52941176 7.29411765 7.05882353 6.82352941 6.58823529 6.35294118 6.11764706 5.88235294 5.64705882 5.41176471 5.17647059 4.94117647 4.70588235 4.47058824 4.23529412 4.00000000 3.76470588 3.52941176 3.29411765 3.05882353 2.82352941 2.58823529 2.35294118 2.11764706 1.88235294 1.64705882 1.41176471 1.17647059 0.94117647 0.70588235 0.47058824 0.23529412 
8.23529412 8.00000000 7.76470588 7.52941176 7.29411765 7.05882353 6.82352941 6.58823529 6.35294118 6.11764706 5.88235294 5.64705882 5.41176471 5.17647059 4.94117647 4.70588235 4.47058824 4.23529412 4.00000000 3.76470588 3.52941176 3.29411765 3.05882353 2.82352941 2.58823529 2.35294118 2.11764706 1.88235294 1.64705882 1.41176471 1.17647059 0.94117647 0.70588235 0.47058824 0.23529412 
8.47058824 8.23529412 8.00000000 7.76470588 7.52941176 7.29411765 7.05882353 6.82352941 6.58823529 6.35294118 6.11764706 5.88235294 5.64705882 5.41176471 5.17647059 4.94117647 4.70588235 4.47058824 4.23529412 4.00000000 3.76470588 3.52941176 3.29411765 3.05882353 2.82352941 2.58823529 2.35294118 2.11764706 1.88235294 1.64705882 1.41176471 1.17647059 0.94117647 0.70588235 0.47058824 0.23529412 
8.70588235 8.47058824 8.23529412 8.00000000 7.76470588 7.52941176 7.29411765 7.05882353 6.82352941 6.58823529 6.35294118 6.11764706 5.88235294 5.64705882 5.41176471 5.17647059 4.94117647 4.70588235 4.47058824 4.23529412 4.00000000 3.76470588 3.52941176 3.29411765 3.05882353 2.82352941 2.58823529 2.35294118 2.11764706 1.88235294 1.64705882 1.41176471 1.17647059 0.94117647 0.70588235 0.47058824 0.23529412 
8.94117647 8.70588235 8.47058824 8.23529412 8.00000000 7.76470588 7.52941176 7.29411765 7.05882353 6.82352941 6.58823529 6.35294118 6.11764706 5.88235294 5.64705882 5.41176471 5.17647059 4.94117647 4.70588235 4.47058824 4.23529412 4.00000000 3.76470588 3.52941176 3.29411765 3.05882353 2.82352941 2.58823529 2.35294118 2.11764706 1.88235294 1.64705882 1.41176471 1.17647059 0.94117647 0.70588235 0.47058824 0.23529412 
9.17647059 8.94117647 8.70588235 8.47058824 8.23529412 8.00000000 7.76470588 7.52941176 7.29411765 7.05882353 6.82352941 6.58823529 6.35294118 6.11764706 5.88235294 5.64705882 5.41176471 5.17647059 4.94117647 4.70588235 4.47058824 4.23529412 4.00000000 3.76470588 3.52941176 3.29411765 3.05882353 2.82352941 2.58823529 2.35294118 2.11764706 1.88235294 1.64705882 1.41176471 1.17647059 0.94117647 0.70588235 0.47058824 0.23529412 
9.41176471 9.17647059 8.94117647 8.70588235 8.47058824 8.23529412 8.00000000 7.76470588 7.52941176 7.29411765 7.05882353 6.82352941 6.58823529 6.35294118 6.11764706 5.88235294 5.64705882 5.41176471 5.17647059 4.94117647 4.70588235 4.47058824 4.23529412 4.00000000 3.76470588 3.52941176 3.29411765 3.05882353 2.82352941 2.58823529 2.35294118 2.11764706 1.88235294 1.64705882 1.41176471 1.17647059 0.94117647 0.70588235 0.47058824 0.23529412 
9.64705882 9.41176471 9.17647059 8.94117647 8.70588235 8.47058824 8.23529412 8.00000000 7.76470588 7.52941176 7.29411765 7.05882353 6.82352941 6.58823529 6.35294118 6.11764706 5.88235294 5.64705882 5.41176471 5.17647059 4.94117647 4.70588235 4.47058824 4.23529412 4.00000000 3.76470588 3.52941176 3.29411765 3.05882353 2.82352941 2.58823529 2.35294118 2.11764706 1.88235294 1.64705882 1.41176471 1.17647059 0.94117647 0.70588235 0.47058824 0.23529412 
9.88235294 9.64705882 9.41176471 9.17647059 8.94117647 8.70588235 8.47058824 8.23529412 8.00000000 7.76470588 7.52941176 7.29411765 7.05882353 6.82352941 6.58823529 6.35294118 6.11764706 5.88235294 5.64705882 5.41176471 5.17647059 4.94117647 4.70588235 4.47058824 4.23529412 4.00000000 3.76470588 3.52941176 3.29411765 3.05882353 2.82352941 2.58823529 2.35294118 2.11764706 1.88235294 1.64705882 1.41176471 1.17647059 0.94117647 0.70588235 0.47058824 0.23529412 
10.11764706 9.88235294 9.64705882 9.41176471 9.17647059 8.94117647 8.70588235 8.47058824 8.23529412 8.00000000 7.76470588 7.52941176 7.29411765 7.05882353 6.82352941 6.58823529 6.35294118 6.11764706 5.88235294 5.64705882 5.41176471 5.17647059 4.94117647 4.70588235 4.47058824 4.23529412 4.00000000 3.76470588 3.52941176 3.29411765 3.05882353 2.82352941 2.58823529 2.35294118 2.11764706 1.88235294 1.64705882 1.41176471 1.17647059 0.94117647 0.70588235 0.47058824 0.23529412 
10.35294118 10.11764706 9.88235294 9.64705882 9.41176471 9.17647059 8.94117647 8.70588235 8.47058824 8.23529412 8.00000000 7.76470588 7.52941176 7.29411765 7.05882353 6.82352941 6.58823529 6.35294118 6.11764706 5.88235294 5.64705882 5.41176471 5.17647059 4.94117647 4.70588235 4.47058824 4.23529412 4.00000000 3.76470588 3.52941176 3.29411765 3.05882353 2.82352941 2.58823529 2.35294118 2.11764706 1.88235294 1.64705882 1.41176471 1.17647059 0.94117647 0.70588235 0.47058824 0.23529412 
10.58823529 10.35294118 10.11764706 9.88235294 9.64705882 9.41176471 9.17647059 8.94117647 8.70588235 8.47058824 8.23529412 8.00000000 7.76470588 7.52941176 7.29411765 7.05882353 6.82352941 6.58823529 6.35294118 6.11764706 5.88235294 5.64705882 5.41176471 5.17647059 4.94117647 4.70588235 4.47058824 4.23529412 4.00000000 3.76470588 3.52941176 3.29411765 3.05882353 2.82352941 2.58823529 2.35294118 2.11764706 1.88235294 1.64705882 1.41176471 1.17647059 0.94117647 0.70588235 0.47058824 0.23529412 
10.82352941 10.58823529 10.35294118 10.11764706 9.88235294 9.64705882 9.41176471 9.17647059 8.94117647 8.70588235 8.47058824 8.23529412 8.00000000 7.76470588 7.52941176 7.29411765 7.05882353 6.82352941 6.58823529 6.35294118 6.11764706 5.88235294 5.64705882 5.41176471 5.17647059 4.94117647 4.70588235 4.47058824 4.23529412 4.00000000 3.76470588 3.52941176 3.29411765 3.05882353 2.82352941 2.58823529 2.35294118 2.11764706 1.88235294 1.64705882 1.41176471 1.17647059 0.94117647 0.70588235 0.47058824 0.23529412 
11.05882353 10.82352941 10.58823529 10.35294118 10.11764706 9.88235294 9.64705882 9.41176471 9.17647059 8.94117647 8.70588235 8.47058824 8.23529412 8.00000000 7.76470588 7.52941176 7.29411765 7.05882353 6.82352941 6.58823529 6.35294118 6.11764706 5.88235294 5.64705882 5.41176471 5.17647059 4.94117647 4.70588235 4.47058824 4.23529412 4.00000000 3.76470588 3.52941176 3.29411765 3.05882353 2.82352941 2.58823529 2.35294118 2.11764706 1.88235294 1.64705882 1.41176471 1.17647059 0.94117647 0.70588235 0.47058824 0.23529412 
11.29411765 11.05882353 10.82352941 10.58823529 10.35294118 10.11764706 9.88235294 9.64705882 9.41176471 9.17647059 8.94117647 8.70588235 8.47058824 8.23529412 8.00000000 7.76470588 7.52941176 7.29411765 7.05882353 6.82352941 6.58823529 6.35294118 6.11764706 5.88235294 5.64705882 5.41176471 5.17647059 4.94117647 4.70588235 4.47058824 4.23529412 4.00000000 3.76470588 3.52941176 3.29411765 3.05882353 2.82352941 2.58823529 2.35294118 2.11764706 1.88235294 1.64705882 1.41176471 1.17647059 0.94117647 0.70588235 0.47058824 0.23529412 
11.52941176 11.29411765 11.05882353 10.82352941 10.58823529 10.35294118 10.11764706 9.88235294 9.64705882 9.41176471 9.17647059 8.94117647 8.70588235 8.47058824 8.23529412 8.00000000 7.76470588 7.52941176 7.29411765 7.05882353 6.82352941 6.58823529 6.35294118 6.11764706 5.88235294 5.64705882 5.41176471 5.17647059 4.94117647 4.70588235 4.47058824 4.23529412 4.00000000 3.76470588 3.52941176 3.29411765 3.05882353 2.82352941 2.58823529 2.35294118 2.11764706 1.88235294 1.64705882 1.41176471 1.17647059 0.94117647 0.70588235 0.47058824 0.23529412 
11.76470588 11.52941176 11.29411765 11.05882353 10.82352941 10.58823529 10.35294118 10.11764706 9.88235294 9.64705882 9.41176471 9.17647059 8.94117647 8.70588235 8.47058824 8.23529412 8.00000000 7.76470588 7.52941176 7.29411765 7.05882353 6.82352941 6.58823529 6.35294118 6.11764706 5.88235294 5.64705882 5.41176471 5.17647059 4.94117647 4.70588235 4.47058824 4.23529412 4.00000000 3.76470588 3.52941176 3.29411765 3.05882353 2.82352941 2.58823529 2.35294118 2.11764706 1.88235294 1.64705882 1.41176471 1.17647059 0.94117647 0.70588235 0.47058824 0.23529412 

下面是各个图形的面积与最小图形的面积的比值

1.00 
2.00 1.00 
3.00 2.00 1.00 
4.00 3.00 2.00 1.00 
5.00 4.00 3.00 2.00 1.00 
6.00 5.00 4.00 3.00 2.00 1.00 
7.00 6.00 5.00 4.00 3.00 2.00 1.00 
8.00 7.00 6.00 5.00 4.00 3.00 2.00 1.00 
9.00 8.00 7.00 6.00 5.00 4.00 3.00 2.00 1.00 
10.00 9.00 8.00 7.00 6.00 5.00 4.00 3.00 2.00 1.00 
11.00 10.00 9.00 8.00 7.00 6.00 5.00 4.00 3.00 2.00 1.00 
12.00 11.00 10.00 9.00 8.00 7.00 6.00 5.00 4.00 3.00 2.00 1.00 
13.00 12.00 11.00 10.00 9.00 8.00 7.00 6.00 5.00 4.00 3.00 2.00 1.00 
14.00 13.00 12.00 11.00 10.00 9.00 8.00 7.00 6.00 5.00 4.00 3.00 2.00 1.00 
15.00 14.00 13.00 12.00 11.00 10.00 9.00 8.00 7.00 6.00 5.00 4.00 3.00 2.00 1.00 
16.00 15.00 14.00 13.00 12.00 11.00 10.00 9.00 8.00 7.00 6.00 5.00 4.00 3.00 2.00 1.00 
17.00 16.00 15.00 14.00 13.00 12.00 11.00 10.00 9.00 8.00 7.00 6.00 5.00 4.00 3.00 2.00 1.00 
18.00 17.00 16.00 15.00 14.00 13.00 12.00 11.00 10.00 9.00 8.00 7.00 6.00 5.00 4.00 3.00 2.00 1.00 
19.00 18.00 17.00 16.00 15.00 14.00 13.00 12.00 11.00 10.00 9.00 8.00 7.00 6.00 5.00 4.00 3.00 2.00 1.00 
20.00 19.00 18.00 17.00 16.00 15.00 14.00 13.00 12.00 11.00 10.00 9.00 8.00 7.00 6.00 5.00 4.00 3.00 2.00 1.00 
21.00 20.00 19.00 18.00 17.00 16.00 15.00 14.00 13.00 12.00 11.00 10.00 9.00 8.00 7.00 6.00 5.00 4.00 3.00 2.00 1.00 
22.00 21.00 20.00 19.00 18.00 17.00 16.00 15.00 14.00 13.00 12.00 11.00 10.00 9.00 8.00 7.00 6.00 5.00 4.00 3.00 2.00 1.00 
23.00 22.00 21.00 20.00 19.00 18.00 17.00 16.00 15.00 14.00 13.00 12.00 11.00 10.00 9.00 8.00 7.00 6.00 5.00 4.00 3.00 2.00 1.00 
24.00 23.00 22.00 21.00 20.00 19.00 18.00 17.00 16.00 15.00 14.00 13.00 12.00 11.00 10.00 9.00 8.00 7.00 6.00 5.00 4.00 3.00 2.00 1.00 
25.00 24.00 23.00 22.00 21.00 20.00 19.00 18.00 17.00 16.00 15.00 14.00 13.00 12.00 11.00 10.00 9.00 8.00 7.00 6.00 5.00 4.00 3.00 2.00 1.00 
26.00 25.00 24.00 23.00 22.00 21.00 20.00 19.00 18.00 17.00 16.00 15.00 14.00 13.00 12.00 11.00 10.00 9.00 8.00 7.00 6.00 5.00 4.00 3.00 2.00 1.00 
27.00 26.00 25.00 24.00 23.00 22.00 21.00 20.00 19.00 18.00 17.00 16.00 15.00 14.00 13.00 12.00 11.00 10.00 9.00 8.00 7.00 6.00 5.00 4.00 3.00 2.00 1.00 
28.00 27.00 26.00 25.00 24.00 23.00 22.00 21.00 20.00 19.00 18.00 17.00 16.00 15.00 14.00 13.00 12.00 11.00 10.00 9.00 8.00 7.00 6.00 5.00 4.00 3.00 2.00 1.00 
29.00 28.00 27.00 26.00 25.00 24.00 23.00 22.00 21.00 20.00 19.00 18.00 17.00 16.00 15.00 14.00 13.00 12.00 11.00 10.00 9.00 8.00 7.00 6.00 5.00 4.00 3.00 2.00 1.00 
30.00 29.00 28.00 27.00 26.00 25.00 24.00 23.00 22.00 21.00 20.00 19.00 18.00 17.00 16.00 15.00 14.00 13.00 12.00 11.00 10.00 9.00 8.00 7.00 6.00 5.00 4.00 3.00 2.00 1.00 
31.00 30.00 29.00 28.00 27.00 26.00 25.00 24.00 23.00 22.00 21.00 20.00 19.00 18.00 17.00 16.00 15.00 14.00 13.00 12.00 11.00 10.00 9.00 8.00 7.00 6.00 5.00 4.00 3.00 2.00 1.00 
32.00 31.00 30.00 29.00 28.00 27.00 26.00 25.00 24.00 23.00 22.00 21.00 20.00 19.00 18.00 17.00 16.00 15.00 14.00 13.00 12.00 11.00 10.00 9.00 8.00 7.00 6.00 5.00 4.00 3.00 2.00 1.00 
33.00 32.00 31.00 30.00 29.00 28.00 27.00 26.00 25.00 24.00 23.00 22.00 21.00 20.00 19.00 18.00 17.00 16.00 15.00 14.00 13.00 12.00 11.00 10.00 9.00 8.00 7.00 6.00 5.00 4.00 3.00 2.00 1.00 
34.00 33.00 32.00 31.00 30.00 29.00 28.00 27.00 26.00 25.00 24.00 23.00 22.00 21.00 20.00 19.00 18.00 17.00 16.00 15.00 14.00 13.00 12.00 11.00 10.00 9.00 8.00 7.00 6.00 5.00 4.00 3.00 2.00 1.00 
35.00 34.00 33.00 32.00 31.00 30.00 29.00 28.00 27.00 26.00 25.00 24.00 23.00 22.00 21.00 20.00 19.00 18.00 17.00 16.00 15.00 14.00 13.00 12.00 11.00 10.00 9.00 8.00 7.00 6.00 5.00 4.00 3.00 2.00 1.00 
36.00 35.00 34.00 33.00 32.00 31.00 30.00 29.00 28.00 27.00 26.00 25.00 24.00 23.00 22.00 21.00 20.00 19.00 18.00 17.00 16.00 15.00 14.00 13.00 12.00 11.00 10.00 9.00 8.00 7.00 6.00 5.00 4.00 3.00 2.00 1.00 
37.00 36.00 35.00 34.00 33.00 32.00 31.00 30.00 29.00 28.00 27.00 26.00 25.00 24.00 23.00 22.00 21.00 20.00 19.00 18.00 17.00 16.00 15.00 14.00 13.00 12.00 11.00 10.00 9.00 8.00 7.00 6.00 5.00 4.00 3.00 2.00 1.00 
38.00 37.00 36.00 35.00 34.00 33.00 32.00 31.00 30.00 29.00 28.00 27.00 26.00 25.00 24.00 23.00 22.00 21.00 20.00 19.00 18.00 17.00 16.00 15.00 14.00 13.00 12.00 11.00 10.00 9.00 8.00 7.00 6.00 5.00 4.00 3.00 2.00 1.00 
39.00 38.00 37.00 36.00 35.00 34.00 33.00 32.00 31.00 30.00 29.00 28.00 27.00 26.00 25.00 24.00 23.00 22.00 21.00 20.00 19.00 18.00 17.00 16.00 15.00 14.00 13.00 12.00 11.00 10.00 9.00 8.00 7.00 6.00 5.00 4.00 3.00 2.00 1.00 
40.00 39.00 38.00 37.00 36.00 35.00 34.00 33.00 32.00 31.00 30.00 29.00 28.00 27.00 26.00 25.00 24.00 23.00 22.00 21.00 20.00 19.00 18.00 17.00 16.00 15.00 14.00 13.00 12.00 11.00 10.00 9.00 8.00 7.00 6.00 5.00 4.00 3.00 2.00 1.00 
41.00 40.00 39.00 38.00 37.00 36.00 35.00 34.00 33.00 32.00 31.00 30.00 29.00 28.00 27.00 26.00 25.00 24.00 23.00 22.00 21.00 20.00 19.00 18.00 17.00 16.00 15.00 14.00 13.00 12.00 11.00 10.00 9.00 8.00 7.00 6.00 5.00 4.00 3.00 2.00 1.00 
42.00 41.00 40.00 39.00 38.00 37.00 36.00 35.00 34.00 33.00 32.00 31.00 30.00 29.00 28.00 27.00 26.00 25.00 24.00 23.00 22.00 21.00 20.00 19.00 18.00 17.00 16.00 15.00 14.00 13.00 12.00 11.00 10.00 9.00 8.00 7.00 6.00 5.00 4.00 3.00 2.00 1.00 
43.00 42.00 41.00 40.00 39.00 38.00 37.00 36.00 35.00 34.00 33.00 32.00 31.00 30.00 29.00 28.00 27.00 26.00 25.00 24.00 23.00 22.00 21.00 20.00 19.00 18.00 17.00 16.00 15.00 14.00 13.00 12.00 11.00 10.00 9.00 8.00 7.00 6.00 5.00 4.00 3.00 2.00 1.00 
44.00 43.00 42.00 41.00 40.00 39.00 38.00 37.00 36.00 35.00 34.00 33.00 32.00 31.00 30.00 29.00 28.00 27.00 26.00 25.00 24.00 23.00 22.00 21.00 20.00 19.00 18.00 17.00 16.00 15.00 14.00 13.00 12.00 11.00 10.00 9.00 8.00 7.00 6.00 5.00 4.00 3.00 2.00 1.00 
45.00 44.00 43.00 42.00 41.00 40.00 39.00 38.00 37.00 36.00 35.00 34.00 33.00 32.00 31.00 30.00 29.00 28.00 27.00 26.00 25.00 24.00 23.00 22.00 21.00 20.00 19.00 18.00 17.00 16.00 15.00 14.00 13.00 12.00 11.00 10.00 9.00 8.00 7.00 6.00 5.00 4.00 3.00 2.00 1.00 
46.00 45.00 44.00 43.00 42.00 41.00 40.00 39.00 38.00 37.00 36.00 35.00 34.00 33.00 32.00 31.00 30.00 29.00 28.00 27.00 26.00 25.00 24.00 23.00 22.00 21.00 20.00 19.00 18.00 17.00 16.00 15.00 14.00 13.00 12.00 11.00 10.00 9.00 8.00 7.00 6.00 5.00 4.00 3.00 2.00 1.00 
47.00 46.00 45.00 44.00 43.00 42.00 41.00 40.00 39.00 38.00 37.00 36.00 35.00 34.00 33.00 32.00 31.00 30.00 29.00 28.00 27.00 26.00 25.00 24.00 23.00 22.00 21.00 20.00 19.00 18.00 17.00 16.00 15.00 14.00 13.00 12.00 11.00 10.00 9.00 8.00 7.00 6.00 5.00 4.00 3.00 2.00 1.00 
48.00 47.00 46.00 45.00 44.00 43.00 42.00 41.00 40.00 39.00 38.00 37.00 36.00 35.00 34.00 33.00 32.00 31.00 30.00 29.00 28.00 27.00 26.00 25.00 24.00 23.00 22.00 21.00 20.00 19.00 18.00 17.00 16.00 15.00 14.00 13.00 12.00 11.00 10.00 9.00 8.00 7.00 6.00 5.00 4.00 3.00 2.00 1.00 
49.00 48.00 47.00 46.00 45.00 44.00 43.00 42.00 41.00 40.00 39.00 38.00 37.00 36.00 35.00 34.00 33.00 32.00 31.00 30.00 29.00 28.00 27.00 26.00 25.00 24.00 23.00 22.00 21.00 20.00 19.00 18.00 17.00 16.00 15.00 14.00 13.00 12.00 11.00 10.00 9.00 8.00 7.00 6.00 5.00 4.00 3.00 2.00 1.00 
50.00 49.00 48.00 47.00 46.00 45.00 44.00 43.00 42.00 41.00 40.00 39.00 38.00 37.00 36.00 35.00 34.00 33.00 32.00 31.00 30.00 29.00 28.00 27.00 26.00 25.00 24.00 23.00 22.00 21.00 20.00 19.00 18.00 17.00 16.00 15.00 14.00 13.00 12.00 11.00 10.00 9.00 8.00 7.00 6.00 5.00 4.00 3.00 2.00 1.00 
